      0/49     13.1G   0.09509   0.01265   0.01763    0.1254         0       640         0         0         0         0         0  0.001988         0
      1/49       14G   0.08422   0.01188   0.01246    0.1086         1       640         0         0         0         0         0  0.001557         0
      2/49       14G   0.08262   0.01181   0.01128    0.1057         1       640         0         0         0         0         0 0.0004955         0
      3/49       14G   0.08223   0.01144   0.01079    0.1045         1       640         0         0         0         0         0  0.001392         0
      4/49       14G   0.08195   0.01123   0.01022    0.1034         0       640         0         0         0         0         0 0.0004197         0
      5/49       14G   0.08142   0.01155   0.01025    0.1032         0       640         0         0         0         0         0  0.000151         0
      6/49       14G   0.07961   0.01141  0.009917    0.1009         1       640         0         0         0         0         0 0.0003251         0
      7/49       14G   0.07935   0.01129   0.01004    0.1007         0       640         0         0         0         0         0 0.0001953         0
      8/49       14G   0.07874   0.01122  0.009512   0.09947         0       640         0         0         0         0         0 0.0003475         0
      9/49       14G   0.07831   0.01123  0.009532   0.09907         0       640         0         0         0         0         0 0.0002111         0
     10/49       14G   0.07843   0.01137   0.00884   0.09864         3       640         0         0         0         0         0 0.0008224         0
     11/49     13.9G    0.0787   0.01117  0.009216   0.09908        23       640    0.2186    0.4181    0.2814    0.1031   0.06915   0.01133  0.006549
     12/49     13.9G    0.0767   0.01144  0.008864   0.09701        43       640    0.2543    0.3914    0.2649   0.09479   0.06981   0.01158  0.007875
     13/49     13.9G   0.07632   0.01154  0.008463   0.09632        35       640    0.2279    0.3245    0.2059   0.07122   0.07154   0.01204  0.008835
     14/49     13.9G   0.07548   0.01115  0.008307   0.09494        42       640    0.2756    0.3524    0.2556   0.09868   0.07036   0.01161  0.008505
     15/49     13.9G   0.07494   0.01127  0.007978    0.0942        10       640    0.2397    0.3833    0.2686    0.0928   0.06925   0.01169  0.007981
     16/19     13.9G   0.07293     0.011  0.006329   0.09026        23       640    0.2005    0.3766    0.2444   0.08519   0.07103   0.01178  0.007708
     17/19     13.8G   0.06801   0.01089  0.005341   0.08424        43       640    0.2089    0.4455    0.2732   0.09906   0.06897   0.01164  0.007375
     18/19     13.8G   0.06607   0.01084  0.004656   0.08156        35       640    0.2264    0.4428    0.2838    0.1062   0.06744   0.01155  0.006889
     19/19     13.8G   0.06414   0.01035  0.004409    0.0789        42       640    0.2507    0.4489    0.3185    0.1226   0.06705    0.0115  0.006827
