      0/49     13.1G   0.09509   0.01265   0.01763    0.1254         0       640         0         0         0         0         0  0.001988         0
      1/49       14G   0.08422   0.01188   0.01246    0.1086         1       640         0         0         0         0         0  0.001557         0
      2/49       14G   0.08262   0.01181   0.01128    0.1057         1       640         0         0         0         0         0 0.0004955         0
      3/49       14G   0.08223   0.01144   0.01079    0.1045         1       640         0         0         0         0         0  0.001392         0
      4/49       14G   0.08195   0.01123   0.01022    0.1034         0       640         0         0         0         0         0 0.0004197         0
      5/49       14G   0.08142   0.01155   0.01025    0.1032         0       640         0         0         0         0         0  0.000151         0
      6/49       14G   0.07961   0.01141  0.009917    0.1009         1       640         0         0         0         0         0 0.0003251         0
      7/49       14G   0.07935   0.01129   0.01004    0.1007         0       640         0         0         0         0         0 0.0001953         0
      8/49       14G   0.07874   0.01122  0.009512   0.09947         0       640         0         0         0         0         0 0.0003475         0
      9/49       14G   0.07831   0.01123  0.009532   0.09907         0       640         0         0         0         0         0 0.0002111         0
     10/49       14G   0.07843   0.01137   0.00884   0.09864         3       640         0         0         0         0         0 0.0008224         0
