      0/99     13.8G    0.0593  0.009847  0.003429   0.07258        23       640    0.2463    0.4589    0.3212    0.1228   0.06571   0.01145  0.006414
      1/99     13.8G   0.06029   0.01006  0.003495   0.07384        43       640    0.2158    0.4321    0.2724   0.09647   0.06742   0.01149  0.006952
      2/99     13.8G    0.0629   0.01055  0.003891   0.07735        35       640    0.2321    0.3418    0.2437   0.08682   0.06997   0.01176  0.008029
      3/99     13.8G    0.0684   0.01086  0.005397   0.08466        42       640    0.1869     0.377    0.2201   0.07693   0.07099   0.01188  0.009036
      4/99     13.8G   0.07115   0.01118  0.006297   0.08863        10       640    0.2077    0.3437    0.2034   0.07461   0.07193     0.012   0.00957
      5/99     13.8G   0.07448   0.01133  0.007619   0.09343        31       640    0.2777    0.2574    0.1837   0.05996   0.07501   0.01228  0.009053
      6/99     13.8G   0.07469   0.01171  0.007976   0.09437        34       640    0.2533      0.28     0.203   0.06884   0.07293   0.01184  0.009813
      7/99     13.8G   0.07394   0.01144  0.007688   0.09306        37       640    0.1757    0.3596    0.2082    0.0727   0.07252   0.01176  0.008794
      8/99     13.8G     0.073   0.01134  0.007305   0.09164        30       640    0.1847     0.348    0.2086   0.07491   0.07272   0.01171  0.009606
      9/99     13.8G   0.07313   0.01125  0.007366   0.09174        45       640    0.2277    0.3075    0.2065   0.06908   0.07133   0.01183  0.008241
     10/99     13.8G    0.0721   0.01122  0.006545   0.08987        15       640    0.1362     0.302    0.1643   0.05487   0.07319   0.01229   0.00941
     11/99     13.8G   0.07295   0.01117   0.00672   0.09084        32       640     0.201    0.3542    0.2093   0.06717   0.07109   0.01186  0.008422
     12/99     13.8G   0.07204   0.01131  0.007008   0.09036        37       640    0.1827    0.3429     0.188   0.06079   0.07176   0.01191  0.009262
     13/99     13.8G    0.0714   0.01109  0.006715   0.08921        36       640    0.1696    0.3687    0.2119   0.07052   0.07221   0.01194  0.008169
     14/99     13.8G   0.07081   0.01121  0.005996   0.08802        44       640     0.192    0.3198    0.2007   0.06941   0.07356   0.01173  0.008723
     15/99     13.8G   0.07049     0.011  0.006128   0.08761        31       640    0.1988    0.3324    0.2073   0.06737   0.07211   0.01173  0.009123
