      0/49     13.9G   0.06378  0.009957  0.004105   0.07784        23       640    0.2242    0.4444    0.3104    0.1181   0.06661   0.01143  0.006764
      1/49     13.9G   0.06216   0.01019  0.004112   0.07646        43       640      0.24    0.4138    0.2841    0.1005   0.06892   0.01151  0.007604
      2/49     13.9G   0.06442   0.01056  0.004436   0.07942        35       640    0.2412    0.3824    0.2629   0.09562   0.07049   0.01157  0.008075
      3/49     13.9G   0.06918   0.01073  0.005716   0.08563        42       640    0.1686    0.3582    0.1962    0.0632   0.07167   0.01167  0.009612
      4/49     13.9G   0.07297   0.01118  0.006876   0.09102        10       640    0.2106    0.3636     0.235   0.08379    0.0715   0.01164  0.008982
      5/49     13.9G   0.07602   0.01131  0.008542   0.09587        31       640    0.2592    0.3469    0.2381   0.08681   0.07151   0.01141  0.008662
      6/49     13.9G   0.07588   0.01167  0.008428   0.09597        34       640    0.2147    0.3378     0.216   0.07118    0.0731   0.01141  0.008795
      7/49     13.9G   0.07532    0.0114  0.008345   0.09506        37       640    0.2375    0.3167    0.2118   0.07269   0.07238   0.01155  0.009385
      8/49     13.9G   0.07461   0.01127   0.00778   0.09366        30       640    0.2179    0.3408    0.2074   0.07276   0.07253   0.01125  0.009727
      9/49     13.9G   0.07414   0.01104  0.007676   0.09285        45       640    0.1997    0.2677    0.1674   0.05986   0.07175   0.01182  0.009835
     10/49     13.9G   0.07377   0.01116  0.007414   0.09234        15       640    0.2076    0.2707    0.1569   0.05661   0.07114    0.0123   0.01378
     11/49     13.9G   0.07381    0.0111  0.007287   0.09219        32       640    0.1884    0.2843    0.1699   0.05558   0.07257   0.01188   0.01104
     12/49     13.9G   0.07273   0.01108  0.007411   0.09123        37       640    0.3049    0.2478    0.1778   0.06486   0.07336   0.01214   0.01133
     13/49     13.9G   0.07244   0.01095  0.007208    0.0906        36       640    0.2109    0.3221    0.2021     0.072   0.07186   0.01137  0.009676
     14/49     13.9G   0.07174   0.01116   0.00659    0.0895        44       640    0.2257    0.3551    0.2285   0.07931   0.07176   0.01147   0.00877
     15/49     13.9G   0.07099   0.01085  0.006323   0.08816        31       640    0.2156    0.3383    0.2118   0.07748   0.07053   0.01151    0.0102
     16/49     13.9G   0.07133   0.01088  0.006613   0.08881        36       640    0.1653    0.3702     0.209   0.07814   0.06923   0.01158   0.00932
     17/49     13.9G   0.06997   0.01087  0.006195   0.08704        41       640    0.2067    0.3544    0.2179   0.07256   0.06898   0.01129  0.009896
     18/49     13.9G   0.07006   0.01078  0.006379   0.08722        45       640    0.1925    0.3648    0.2091   0.07863   0.07022   0.01145  0.008531
